3709 3080
3919 3378
3817 3207
3856 2637
3579 3272
3841 2818
3782 2650
3965 2689
3673 3338
3875 3045
3681 3093
3572 2560
3778 2956
3668 2517
3724 2942
3670 3424
3669 3494
3650 2599
3781 2686
3939 3409
3802 3436
3556 2847
3959 2500
3586 3357
3930 3088
3756 2503
3600 3038
3910 2719
3641 2897
3507 3078
3872 3107
3540 2641
3844 3079
3938 2510
3853 2596
3920 3185
3863 3164
3695 2703
3743 3383
3929 3157
3840 2552
3674 2741
3994 2738
3978 3461
3663 2905
3732 3326
3578 2745
3704 2513
3857 2642
3576 3196
3906 3316
3532 3401
3553 2877
3761 2878
3831 2540
3975 3148
3511 3209
3801 2846
3900 2582
3943 2555
3748 3484
3573 2969
3599 3089
3675 3463
3696 2870
3585 3118
3522 2888
3688 2595
3769 2721
3945 2976
3700 3227
3544 3269
3890 2635
3606 2979
3627 3319
3615 3013
3662 2924
3993 2633
3610 2505
3541 2941
3741 2765
3915 2527
3903 2649
3898 3296
3980 3395
3927 3418
3738 3303
3658 2623
3536 3131
3513 2898
3689 2598
3690 2952
3554 2848
3806 3486
3711 3046
3710 2975
3987 3197
3780 3344
3854 2626
3583 3249
3979 2835
3560 3171
3727 3367
3565 3283
3539 3343
3892 3199
3995 2804
3718 3029
3809 3064
3612 2781
3736 2547
3721 2957
3567 2839
3719 2516
3558 2750
3820 2714
3515 2820
3590 3016
7200 3601
3911 3043
3772 2988
3823 3472
3699 2793
3652 2660
3623 2785
3510 2647
3879 3076
3878 3032
3587 2786
3899 2771
3562 3006
3712 3284
3602 2916
3888 2659
3816 2901
3733 2696
3773 3140
3955 2861
3671 3087
3717 2679
3588 3355
3874 2713
3521 3462
3708 2982
3964 2551
3683 2564
3582 2518
3753 2814
3770 3488
3989 2615
3883 2972
3882 3055
3795 2977
3885 3420
3762 3193
3691 2732
3976 1989
3528 2805
3871 2538
3825 3485
3793 3285
3897 3057
3960 3177
3914 2652
3981 3396
3707 2946
3518 3393
3931 2668
3571 3235
3997 2912
3503 2512
3672 3382
3684 3056
3680 3022
4000 3125
3533 3363
3866 3263
3804 2907
3754 2614
3550 3442
3940 2508
3568 2609
3843 2770
3925 3298
3735 3224
3784 2542
3923 2693
3803 2534
3957 3005
3950 3053
3790 3286
10 10
3881 3300
3876 2737
3855 3014
3775 2918
3639 3348
7202 3602
3593 2953
3936 3051
3937 3161
3603 2727
3577 3134
3702 3478
3811 3175
3705 3394
3621 2919
3858 3049
3932 3430
3685 3341
3514 3432
3557 3106
3941 3498
3996 2524
3676 3139
3703 2648
3774 3099
3812 3273
3777 2683
3760 3007
3948 3496
3824 2729
3729 3248
3678 3365
3666 3166
3517 2509
3916 3031
3630 3130
3561 3083
3851 2663
3657 3271
3706 3017
3682 2980
3815 2688
3619 3186
3834 3315
3986 3143
3740 3333
3787 3258
3692 3306
3766 3321
3686 3411
3633 3464
3969 3021
3901 3475
3830 2677
3894 3265
3908 3124
3545 3497
3530 3449
3974 2667
3559 3036
3542 3431
3742 3126
3873 3434
3713 3015
3667 2761
3800 2680
3584 2809
3779 3228
3734 3370
3859 3226
3849 2625
3649 2501
3828 2826
3971 2974
3624 2867
3949 3110
3822 2892
3896 2776
3698 3121
3501 3027
3833 2515
3829 3221
3954 2842
3785 3220
3810 3182
3543 2742
3551 2537
3564 2917
3850 2704
3934 3025
3728 2558
3970 2998
3972 2763
3992 2920
3750 2717
3922 3305
3509 2593
3664 3236
3805 2782
3786 2925
3723 3023
3988 3389
3725 2716
3508 2768
3746 3345
3714 2816
3887 3244
3797 3208
3764 2762
3991 3222
3594 3162
3665 2698
3525 2909
3912 2930
3783 3500
3519 3277
3700 3702
3757 3231
3852 3189
3985 3402
3807 3068
3798 2695
3962 2678
3832 2672
3990 3217
3902 3335
3926 2845
3607 2962
3700 3701
3555 2533
3744 3374
3563 3082
3768 2521
3700 3700
3526 2630
3631 2879
3645 2887
3628 2876
3535 3008
3745 2539
3622 2740
3913 3154
3552 2681
3998 3334
3687 2955
3589 3381
3944 3473
3531 3364
3697 3037
3928 3453
3867 2735
3637 3211
3984 3312
3845 2544
3569 3317
3977 2792
3592 3412
3512 3325
3595 3452
3909 2546
3548 3254
3891 2612
3643 2559
3601 3206
3947 3133
3904 3115
3877 2684
3605 2556
3534 3323
3598 2728
3749 3467
3608 2958
3864 3238
3792 3439
3646 2644
3529 2671
3751 3358
3935 2871
3549 2866
3574 3457
3893 3342
3763 2665
3504 3054
3677 3009
3905 3281
3942 3147
3701 2922
3527 3113
3895 3176
3967 3456
7198 3600
3597 3398
3966 2529
3620 3304
3842 2514
3694 3280
3755 3062
3659 2906
3791 2827
3661 3403
3538 3369
3846 2613
3813 3261
3581 2643
3982 3119
3502 3232
3865 3413
3580 2565
3634 2587
3737 2576
3814 2658
3609 3050
3715 3361
3524 2711
3837 3178
3951 3101
3796 3111
3921 2772
3747 2736
3956 2894
3788 2662
3730 2722
3638 2755
3880 2869
3999 2748
3537 3011
3839 2884
3953 3490
3632 2588
3771 3270
3720 2682
3636 3332
3917 3042
3776 3060
3958 2710
3835 2868
3907 3336
3655 2971
3886 3044
3946 2882
3794 2911
3758 3090
3765 3474
3868 2536
3752 3499
3653 3159
3656 2903
3862 3308
3546 2577
3570 2638
3604 3000
3614 3129
3870 2723
3838 3451
3808 2769
3640 2569
3651 3242
3520 3438
3626 3354
3716 2915
3642 2948
3739 3251
3679 3213
3654 3169
3976 3362
3952 2934
3566 3426
3625 2619
3618 2944
3647 3466
3848 2860
3963 2753
3523 3429
3613 2620
3983 3419
3731 2779
3789 3003
3596 3122
3767 3012
3861 2844
3819 2893
3616 3387
3818 3085
3889 2747
3847 3479
3726 3275
3635 3391
3611 2553
3505 2636
3575 2646
3968 2545
3591 2981
3826 2940
3516 2535
3924 2947
3821 2959
3869 2810
3547 3262
3648 3172
3918 3183
3933 2629
3759 2634
3629 3410
3693 2932
3506 2824
3644 2574
3660 2929
3722 2687
3836 3096
3884 3407