1218188242577522119784484985531269981451111181157191442755285148563224312219554752896237981529255732623822578676918715626944738939643838627986398157612514252792372182715176524499197755428647895279364163
2966585178415759862714667227671331541111111112477744838111111111174151652152518891444725691466736111111128449968651371855372931884111111111113271829494811111111353924524858412846695597945481111111111415
6559111111111372459881111111184277311113672811156751251112111111111488668111111381732378415397242115932116149351111117371971262111166557782555115397211198129911136667111117329211111666721111124454111833
3511111111111111113771119874196777111591187738779149355511194781411149565121111199668126355872888111543181497311392315478411731166729328262681151241111599969671186211143597534969111112489112683921846661
6411134573572911153335118315445847481194697514583951174157114964491154654121121111286281591985592171683861251916421115845477111683318582911116859641559698353111131117244857835811114963493511489916942681
9911583434775411112363721115462298741111864852983191927712431159711117518111694657994237189687814113225948418232847615924768413189661111632751762513843332646511171116566712341548897747942633111543287112
5411174775811116831722975636841941571485578292541124966682588125331116113611189251345615758111232211378636323487388514255441511111111488611116751314461111114116615481111111134711511657381354898717643388
2161111111111111144883113892561674292564149134177111111111757218811465658511111883428125316154263486119271462493132811729241751111541111117111228315189512731114171594518876571154554283137611153726826936
7428111111853941541385892791111111119216321272111111111111112655234176679191211849911427791153836342113998553111164281647181756211197971128413775316666147133328964668844921111119576182296111861112878635
6786288457649373917475711611222222119547382611111183384634111145626411111111111111119421393151732949183769511122152114111719758131175811175789554126216114196851832548771118177861748514611775763321325936
8541847478689141115734349112111111111115675111143695639298442649621111112218691711161588164111517176533757111222155595596966126111116311255118312259511121147921442733111323186653195961146537939432191379
5547399484548111111118678812174789693144781115393953426688424431811111712212383612264111426922177684177711111232196721451372811122118319977176919458612826915455114811736278574455945611243194626559173444
6285575176297117821551189111111323675126273111541465611111869666111452112212326342611121584143161449111111261232161111813511112222119116973622183512215726224618515131326121629184893714144543617363114894
7624111118495311296199629535111155822135541411111111116578582996115383612116254641112221192951411111111846511222111111111111112332134111579891169942711673187682113329111197588433252417825117549638113349
5191111111128864621913845887771111186426382892879491575536839959168981111165819111222321151111111148655194112111111111111521512322132118945119588292748111119853122231413915473972867117928111236823167513
6421151495112576424918869379361434611184196622826291111111986586134549111648111122233321531111269512147631111154631579733771112221164111113745694288452531111111193844848942876225187911951111258671253725
9911165165811348691432681111897635691751753395135111111111111193128931115681112223333221111221111111141111117813911115934211222211773511545496111183443237294945516238934162115255885319128651115111756945
4411566639441123453949111211112179711111111117541111191161121264178211864411222322222211111111111122111221362118811422991112232114313723925221112159461358337879888965951119911111325951612346911173849644
3111387317671811628271121111118969112111112114311218161411111996354924422112222221111118337535275111111121111194538815111112332117442619627111222176211111111138527152116238821211117351936595652853365698
9911134525974619923617121769111517121118611211821111519751111864216133111122211111318665473371629162835111112111146413755412222111111111111122222183811525311111556141794175271119861369693377653564727634
7381142141117655452668111574412842121891451216921111163867294583981211122211117422593363996576257594469995311112111194511111111111112211111223221141111798823811622724296432663993671897778996342781634914
8411116111523176714224811138483276111137311111865211111656182167751112221117636495798111111111111111153747318711122111111111512716511113161232211176551169654281427736219191912269938786754185111111114993
1331111114113123499975844111324724312162453147766312924111857828711222111885744771111183336561311311111114948534112222177872258694886339711232117893971982871721232546812786111188837347724761149927761615
5359941275186911111118312825111814811114846452495454776851286311112221178846479113871581127943355558668111118895511122114156621111141781112222121217822737883861836828811111111726521554794314294699551119
7149221614268111111111132135295717179611168629711111111174311911222211386978431555833355828111189243728396119878846112211879597473728611122211124795226458954561788361111756754841435254225519356815111326
6964932389241111491221163453861918259179135755111111111114823412222114811628819182857121111112448234711111176228335811221119881591111112221114714738514849981713283331185434991166625361812316499586197515
6774978184481117895417127159111111111623519431121268711214366112221144886882572188431111221111684411141491551623226551122211935867111222111553475321117131497173356518117611118874511111725741966541329557
7444821667882111623822834541111161111111154956121497981119781122211782492661316972241122221872434141826139611111112726112221951417571111125329819711811118685561919557311111375318172714114344927453664847
9523813197176311113488573496118869359111179273121161411191681223213562111391618717511223321169766791861636421115211328411221118364654118373637566961365111447567112161915115348531545735911136711962286489
5455191896267338511112382776111179113971111345112155611155211233217282111171825189712233322119384565611512311364181778751222211115599111133124983411789291162792462711111264148513667119112675265111111174
1892156628421366183586184198311116117911593122411117911533512233217598951831511227112233332211111111111962711467854599891123222111111111114839694415165335119214331123681116629517664561148616361997321118
7311125951119523611111114497877811111194828112421128411737912333213995423552957467411223333222222222221988411593258913114123332222222222211179565397817749112361116547515111187562977171134899312998631143
6361131841212855231111112215879811379816165982146568611219612333218721117438526398761122223333333222111111111851911138564123322222222211111279361116992771411133119122217511144451835686875587638199111469
4211128251217344111112629999732918961151119178339674871746512222211111111111991578515111122222222211171112212986447111972123321111111113845398322823979947818648268181184111993794873975153358731632714562
4651157931112431111278817411477841111111211111142189751459912211112858128511114895537859111221111117831112211998298911594123321965633998359567598387184334111385154622111131328948191111111742259522896492
2991126611165681111766782172571111222222222222111189813561312112697273441693111144812565771111389889951112221215412111378123321151324347711111111122311722137163243634657935296111111338711112114456891787
4174115111453517111445111485911222222111111122222111499759911113211124611438931111143591678391161111123812221137552111557123322165562978351738813118163111143794849515518492671119479621185115797793327837
3694111114771333211111159876112222111195442111122221111111116471111514813897821411113137365556785174129811111857781411124123332111533879514166223819826577183287111111111592631131475637521114961111179984
4684311516418895612146895251122221117521666132111122211112211111195141113953782463111119681714668732111111611267733111778123432221176237985875243411143397677111111239811178941813658111111325741129111983
2676939487115856759233452281223211597711111137149111122222213681756916119811177621411111111111111111111114211689781192386123433322118636611623251173373582639128929428771157681842521111458733851389111149
4195159461167711339425244111233212659155254744497691111122211369635194119594983798126781221111111111159595119144211186771123332222211191681661118479553211494166158292111381581283952645588223913963831132
2257167241556111118297225911223218698389558396255532627111111111934515211542913619583111211144939788682271114453112938411222222111111114155419994294511198113111383511149546153843149111111911343735811827
8332238911528911936117876611122211835321111111198893134225846514246812817189734631111121114946483465839111113631123195212232111179199614119936241111112111732811269463877475124553211111311112212174176393
2628264711111111715166766875112221145561122222111174283684288541162233784861111111221111467458611582517791175811457173112332198244737611111111138346122221116328153135951266882352411254527111338586116376
4385145811112116611145991976211222114267111122222111172576623114661875111111122222111897578491791268126651165911643222122332142345889111177121138932123322211142511191471111111153413763121184781295638591
5162812185111187711119361218631112211129676111122222111111111111111111122222222332143774934581111162953571474319267511123332115215342115828111223461123333222111526528111111111114711672953679474811145766
7812611436635782331284111182155911111111188776111112222222222222222221111111112232111111111111119618684811297868863112223432111276322165633111367311223333332211943411167859335117231119615453521111111698
4718531186899493391473111371948833791111111613131811111111222111111111163753811222222222221111516797111186242884979122333332221941919243951144687112222222333221199811385744381111928551111221111198521147
5848171158416625421118111142124763345743183117866157967331111149656253294935861123333222111129212311118711131656511122222222221635129923111723521122221112343322116511532638111185729996184517715813841763
2361176115816174311111112171111111891435868343971949466838769511111111248131936123322211192693561115761511171848112211111111111186213611126298511222211912333332214611199471169379137111117926842787311717
1411982119245711216911114881111111137411811111115161426312132538743111915595341122221111184713111987711125951311122115663817342715961121654888112222118812222223214921979918552411111111111641297276352936
6319159111372891174625893811821221119925611111111719586256727494732114819951111222111632726411962921114268712112211132656175159933732242654411122211112112111123211435675149276111111674761128518637247625
2811913111334848117638319116574611186222511534611524125111116222491192321111222111119564531113544111389158261122118517629811111164946994321112222115328111134123221331812549761111419883479177439987271948
8391121116467112112269849164247712185866961966811189581116842515113759111222211165841595876371711318415824111211192281141914111163523111111222211116741111831123321741237853361119293616949621518111119359
6599211144918117113926571957946711148494668149991378111542458511235411122221119391311119367563113371146641122116919211411115417661811111222221112749981115637123321259982511149111122836477215511171111798
9812418117798611118432191357546111473111111468124945111436361142381112222111792563293111111911454118115111221172947437162712374111111222221111485118981113225123321714636112167831111111193315114811591171
5813337575938811234843696228711132635111111898138331154511113615111222211189817954856512216141111434311122221931548822969111111122222221111621311566611165921123321753511122113952786829499175111938281183
3961845915875351917497996536499179891145111196315311125111187781122221119512374789748112116165662787112222221111111111111122222222211111342727118575111156951223321891112222211321417922482694191131761137
8418494579451563692868312671124719661916912192618119111961547811222211474619121859671121131138632411111111222222222222222222211111114839341781158241111261761233321111222333211321811111111152613791161112
8739211273121423819191519185613397731994812119976736449791511112221115545913881788111111177934111111234891222222222211111111114353248349711119621111118544911234322222222223221658111441471723519917111368
8397591662166112511235131111111697613227811169714413538729411222211219931143732831121116949211114852613111221111111111979441649825212523465179531111364558112234333222111123321169112886351173867888885474
6369491123155156811623129819681175414674111884164231242795112222113577114133818191111276751111191154111111111468688895969461111111111812512115111113295811122333322211168123322136116924926151651135761839
8555151148197112961173683533931118437968311119126811184971122221161391191248136311135585911159513111111117229236844259751111111111111118981111115298571112223322221118583123332113119813441929947888448855
2214951116119517661137579817611542511649796541139374161111222211651711185811169117398111111836111121119395793235456111685579111179412216991113416899111222333221111195937123432162511177466425777711115357
3541511942119412765111765441115326579167646411238935133612232119183113141119961138565411113818111111537941151479764111559529311319112115681628165311111112332211423412444123432114761744242178312915111777
7149115526211118349487111111997338139915617811657441136112322151181116711111111397577511178321121176546471111666811115519116366127111178235755337111116812322116814751158123432138622331974146985188741371
7236115291511196736591114976171321554611389911162541327122321191171922111754772721134111241911211895971192816274116444121675982511116972231731611116668112221161119161157123432175148531111134743197731518
5469688125384888728795989341973411114321157911683716267123321278713522111446589513436111315112211732712366115411116319736191111111987533216497111152691122211967118791177123332161591112184831128162226442
4716173559789627911836111137947111647151286991111182441123321438372534117811359811961117683122111662119711147411377222211111111197728252531911111943711222112177411941145123322167211669419971177318639257
6541224814594465261425186711171411771111313963794131211223321128489156111371247119571212351122166161162941772111784185775146841168416885711111443683112221197876611131421123321135114596929111855662122488
7611826113778187731159626641453271111166899875129176491233321211882453111652391111281215641222152591235941633419275911311187691114111111111197118811122211978924912111991223221657111558531111144326718175
1921331153259765294111135511231469565777343519287122911234321379111115711176111117911213581122186251126351397512453881616551511111111111272136322112222114777839111111271233211627111594425635476111111692
9891111159211274111761111118979888174225226158174238161234321859751119811111114259341119142122115514111811127613133799993191111521998448811175671122221196187311199411511232215762611462647338111181711443
5535625736114451151743612394755972747726861141611749831233321672938112841949281447392111755112217747311252175316111111111111134772491111169883111222111184192511655842812232112998271111935411443577112118
2683758475111517128157391869236621857381111198611342961223321449511118226664474111296111717611211429581111114311161111111432839175117787671811122221167131537111126359112322189187724982452115862111559798
4491946831163421162731133661556911184214144111311173151123321541111165711111111115354111197171121161221311533814939924414514271283126881291112222111595415987211113611122221133711113986661157734915333424
1178427611172911753522115241158871114316364411111185675123321157115614911388611271373881116483112116518257373118953174111111615529631377111222211198871933511111129611222211975111111182411358969288544549
9211771588111111567865512499163611123917241752498585358123322191111443518647667495123751111327411111113427953111322111111631114865992111122221112298256954111944233112222117361112684112611886365151847668
8618216945616361328113811284211111312271143422638281616122332119211111461262731668111851821111799122211115947361292211823298872271111122222111751131172565114456891122221119411137931511881111111193712246
4119277219244215816235915732175615791156111164111117879112222211411132631426112269111532941911111123222211111626587368451331111111222222111147211557311858146156111222211981353132731491298441267157111382
5187914149187144178472115414262671421137274576235581116111122221181187592319711738911134862791111122222222221111111111111111222222222111112594512939711188311921122221113817219116843211137973243911541151
9111442611244721176411117361698788111232527659586146115539112221187983479514311181111111923121847111111122222222222222222222222111111177818391111196811466421111222111233576453111612811164819562919231185
2257986197164873111112637281534611851119598189131111188278711222111751115617771111493141118741555594354111111111112221112111111145253979379111111686211851911122222143972283111116181111132964667122531195
5554391366118877211469598196439141986111111111111126263752751122221186111157816111111169115818311118543468741392711111911129439681876897411111111338112281112222211191272111111551214711397595142728841197
4484881811211151151597781844212913456271325188999235261458817112222111122111486891111111118228553521111111111111313498955711111178423411112111888262781111222221113236111169114952748115351191591497361829
8925761118498181116348751122721118666181111534973556645211774211122222222221111333593111111384536492448791221712411111111111217589911112211112746276111122222111319111714421114313459424571671121755911677
9647313116911315366888994111119677282956111246111111119111713773111222333322221111737752996233911111111111111476121361111823481311112211118527481111122222211183559127999742923784345211722478126281189813
4476174911152458569693315948911887811111111124861377211111649776571112222333322221111156268895476191111111884893878734245351111112222216235411111222222221113671111878585712396575111111137836111111417973
8215111784448163651111111326389527195659411841677916696394399818239411112234333322222111111172244589724218289811264611111111222222333211111112222232211111547752711111145921425111117423159125531212268826
6571911562134335311771581615493282318146381848673386912546844177879957311234444333332222222111111111111111111111111112222222233333343222222222333332117377843183337352568218811111547412317963869211111152
1511991995648974811193554569112623482441645513421481139967924249345552411233333333333333332222222222222222222222222222333333333333333333333333333332122444334334894756383814541111914251119336788113421153
8833221199187931663111165641815766311111111111111111111111111111111111111222222222222222222222222222222222222222222222222222222222222222222222222222111111111111111111111147725111111112688232973116771989
1845131165166442182866111114425358818223711111111111111111111111111111111111111111111111111111111111111111111111111111111111111111111111111111111111111111111111111119111259251712499488316599181169776914
3161621778159555916154132685844914179638874915491893697295186635262926635912353482628748377231493468183647745939164324129879832477258888987568452512129682796597118919847139884186811111111119891116124656
7427113179511413161911981169228772854211661889571111111157582111117378917799741111792414756511111899427425327665395553731111172852177469111165479743743111111119331961111111141144111547246111492188657435
2458193553211111171956961113418754558853111367112443111118611194611112623111111111111424331142459111236127358113595548111111111173723111111111172995711111186911596661135351113141117917464881956113728716
6175689883797641133892433191113122371167691111714917281125119966711193745116277468121389911314973218144417823541118181116682659113481136966149115578511174891574345435836268115395113781121111974117471635
2491211513998458432174716514115661118839911741653774111142151671111383371276225211111925815633186154995191349465119691145628867497981514636918153741118479993695293733522322416513111113912962988672653967
9729141918593651471166921111158781112244116974348379141626881111521356897696111111976971684367519253292495119115211342114787524315961356718111931186119528311155266827392475418651881115838324985993621236
2981795971911488833441185514581726321161115791167616362321315217943719652998712619738554581277837111111173281145183921171475991142351665511631941164752211131414664368183443292899944398573211523111114849
6861228121431937689823811639933565766523795465542638221135639849835499886453654958965772777324374114938211912267691466112291743114268251711111199615628112412447711979274337112889572116379152451173411886
3881297991685195341144681216225111111162467144467311111111118731155111111195725198691151111111816127185461556573114732769961921144358211434617811114542113223983127116676112554682141311446212575378311792
8371739694183169815791511367751297498812111172656479167612911741115322341116313917597993749211296411347911124118239769845359631171426181596519258114259115566926246811139129672122427531128461764293111682
7741154479171798471125117257186969772695471159874249631623112838221145871114868434114611721114543348272749277461719191689311916117475136835968111114376111199118854871111172751711951611877386123391114471
2913111111116714438111164498238611111111182774212571111111382297813811111195199959876111111296315442129615179119111111111399918171111117585866342957725762111191518224532397164599111611253765511111173158