5454455774856767656868676874564884855676587767544347647456363443373557444564554566443755667554577446635647574768754574478687756654658554764664478668877
5465886885475448565757587545487567554857778856344653436656573574575733344663733354367336457665543356743437785458485574866555846865854466765746856746787
4776765544567848857764685668784788864587885733733747737675555553473467357565645455757653353434473474573356457454446564546685778648874555454684467546766
8665756687664645886754756457584778486467754373665633743454654774645367564675373463357367345756766547764757574687584648444758448784868665448878684577454
7665447655757874878655485675888857476865373545777675356456575333445633557373637666374647467667474655433675635474456467644657465564845568874468476446876
6588878847666465757775744654644588746833345346773466737533446744763735544437475674376667647476563675633766353463354775748477578687484486786748555457745
7875745484547857464456755588646758866576763673754533676476354444357777653354364454375436746774545536436376747654376684585774657555754886688448874545567
4768655866884647574854865546555648756656644767354656447576375355655375374454577747364765657647766746466356577574776575754856546674756687775457458577857
4887746585854568766878885688686764445465675367476444656574734344665635465111111163737537366633477766443477776774344544566655874467858855676677464886665
4557664878775888784858774647447755456554576444465544646757745464645551111199999114365674573577657646674677667375463557766744768458458477475776454567758
768787644475487476884868548787365643345563575735364663654747573347357199911S999914737555673676653364635554346663466777457777687854565864576476654466644
6475875445668757557576546848653744535743665653436775535455455536476351999999999916433444645377664675656677657433435634376348687855675458567445765454646
5785564454665844547545754474373364735367737646545336337367636477374731999999999917463735665375577674364444734655336553457774854764686766464854576455867
7447774584788664467577575465734674364756435755433667375374545676473574573999999414777565333664344447765333565355665566573457467856865855647458865767488
8775868745867476446447783544675734533456636575533345573366744344367757543799996717673446746345464365674533737454437735754645647654446777455868767468545
7757856685755886767644545473377667736743436774647466437557763643776533763577667777564367757433335434334555375476344545443435543476766748678777556668478
4456877478745685856566755733344563554364467657675656665753534534456376567736433634677637665564777674344673773573774747356644775345757678777488555746645
5864868556575455847483533553355344337657333557653673557344377757537664637343535574376667775334336454336336567454534446377337533644576688778566757784468
5844547887444764675543757375753633436674774653437445365575474774577533665437464354377435557766675637376657373554355333665457477776744857757868757785578
7567655446754545766344734553655747556677357553647467377433435754575656747556344575557673455566443534463344363466734557333544647546554477584545585758656
7866545887685748676633354766374665754366353535374444355437746664553674463545743546533764733336567554566534735753336677636344537636453884668485885486557
8665846887567856677334665544555464343377535473734766763735443575764456366533467433437435676753353767674573547736643443465576743347356774748564574875584
8744558557867774356665667576543343764775765355336437667673447336735345373544653465775656747553653777336346563667546576756775664446464667844778547658766
4584587548454673347736637367633573656374344436457456533557355367736424356336254446263356775355747455777474653477666457753553366637364663744476874558485
8554564484675844634756556355655764736545366747335447637566357322352565342623622652654255536645347377754637673744566665744665454745353463357555658656887
7477487444656463364656665733444675654676534353553544767556342465262445643465362322562462366463373764355755546743467454535343464554457663755874664586657
8878667764658565575737533746475376363646473654364546456665565252432562552542355326543362342553455335757574544364366775566666547466774635778578756847785
5845448784885575547467443547433656746343367567476553523636535454566345263332642433636356535242264537344646346733743336773633774456757655664568585767567
8675567648563767367533667355346767343357734436336773246436666645633466324355232665246254652445623366646567745344755564474754475544554433653757448756644
5564554676633735547563756476536657646675375456537645656346252432452645233422363426352536353345633353464456344777435733453333475764754537344368466454876
4767587485676535773736645364674356477646454775463244352433434652554665344666526336424436625535365342235573363546443437353666376555473736354775758875748
4478464886675477344436577563376644357657364476564524233352455366262555226663262365444565645632235236263556754743763573775363535445554576764433585578664
7474888757367566464533343575537653446646544365534624553223244666243635454532442534635234652365334454324356347566677446774534764363737434574457764646878
7444877654445543446734665643554363476365646564333253244555666632265445445633555624252632634644656244642626454466357363535473753644464535356533674445585
7678687744653735355435763437463357366636476365354546434626666262623642266324534245635252254446666264322656364566337757665673634653357363355555665776847
7847646463744647667556633554674565764673525353445636636334525242552324232425523343245653356336653224252446345237754544734574375663456564354747764478465
8668667366575536573375356665437464553453655653246222244226446465644464566525563223624223342245624342223453562647473675437754547544373546533354675474867
8444756434653373546445467635765345435636556233443666445235533462423646535555422445335422552526352436632654665225534453557677374746335674446565776564876
8775877343764356464376337543656365433324232322654323424436536333436325466642462346446424445262433555556656635564456443565545755773545557664665467367786
8845664675674557755657533454547767666452533643644565256343644234663252522555346333654246344254664446264424424235534644474677557747445744337634667788658
6446347645436354633337653576347673545656654543466332644523523563235622646552336232556552222233323525365633526546445443556764555745333665457653355778466
8646347444573765434676557676765754523323352225632634543236235535544253254222342443622566442643636322532456636444356635734757434474473475646367346465454
4655736734665443734553436437337355444452435426555344663532346363354534453322523223256523544445646443555445465645446243776645734757355444365374573476477
6447444554745636377575775575573773225432646365234352264225424636645233455346635552545252362563256556223244633362654454763755546533776537455744656664766
5864447635656343444743473535777334325662345254453352625364462352232556556234552453366443226636444362656556236325246362645555476755654546536653756643745
8473467656547777454656434537436424564545554645455642544254442433622543564436333562526322562432332223536225563354323426547663463434575353464747537777664
7343566547666565757333375467474233366522324256522246263566555563345655533524264454433534346355642256343562523655266632465634467464653536777676454636655
7367544533667664456537435366352645652355225356566335263235563466566464432345645546233353662532442462532534262656325634352455456634466374774766646533736
8775636664656665444574463545365632553345526345355455624326225332444553345362456446555552665252536625436236564636445544623653437354734667444565475653638
5574367574474356565734456733746262423454265454523546422453453453425363433334242325346544535645656664466425326532365546222245465775556355533456546437643
4543365564466777733473334546664446566562524553523332355522564356566453324455334223544454523646524436553624626662234222233543363436344556736756545377376
6547773675743473335646335354352542364542653623643634424223344653353344345232452432223526555256622524543456666526632526562367435436466654635456766475347
7747476564457373344673444355663532265365636442562465622436456443232325252524255243252544232442232243564642332452423346666527575743644476465773656336635
6436536546555775664657367353443345463252642665236446436245326455254455453234533444335544342644235556632523445344522226222455436735453377777356573536437
4776773674475367455673734356266662544632223353353665346346545444232454522525243354532455443354433463426422352232342344344545535663364676466555367443536
7455336754666464563537447554524634323333554523636563425536353554254435524432423355435535523352233346233256626526464335236622435546773465537537373364366
6745775465446454533447573746362533646643535352655556656354433442534544234535345435243422534543435325462646554246643556543356575634647535373546764536654
6775464343646777544654444464223452543342663634425525363235323424434342432222524424432525422522545254645265343435364244336532546747763574576367757554346
6653773756755656466533637664233443522343356335422365335453323522525253533245434554532453522434343255362454546565456236263643457576434774747673354754576
3574736453357657533733377532445552334656452322255536562225334553233225555452255255234423452352452526433266335536334365234335246564366356376757437667464
6356335473543667745343637632335533545666652352346346624445524225342323352243533333445343534322523643323236526365423255322532254777744433645547575333764
5653346455473734744675454642324524552426653642426454355422545354453435453252454553255525234532424325244544653363244333532345633354673657537367364545755
4666354765545457645776334356534333542622553322436254253432545424252343455344425222434234443543335353664325223655453622425463524337665376574667744754334
4564655573673557754473544255636263222244666643244266242555254542553232342535523334422235352433254256646625534465352265246555562367567533577764534356443
4556555773754763377465655342623456554343236242434233325322442442244553342443534454533233433432552533262326625342463536343344266475447656657653746364444
5673637767464643733756345534432224523563665263433423454325343455534254453332433242243335442523352432532463546426555223526464425237335576543655453565444
5576433656777476344776742624363453666453332526265362453332245234352534245244255344324244232225354522564433323442443242445326345653434375635733436555366
7736654764543447454536743632634225525665526266445433544424435333525522253355232254224423354444532342523324562562322433642352265245747674764333367763656
7345663467653635463754642653436566542262636622433342545324245434344522235533424345432242235532425443256553265342353422646426656336764766745446766737645
6463435343477474454446534454626654463653424652642333342333342344554233333523422332232542555322523452226262342235444324653622243657474635455463667443735
3665636657673375747435644422232222536663523452436453533553344454452542232235353322452544443254535243255444452552545224352233254356465755666764643367363
7657476765344753456356554422334564255363642636322254244533344545223523554325543443555252333254453525226523333352254545433425524353743573444676775546654
7343576453774474763664525245355522436245665433534525544532343454424433443222453343332533235544245332435334453246263454226642636477733344463455735446457
5744753745347757453736625452526224432625636454232352544554353455455243222555434523423454452253543434454452664335532645536523633463346443764666336375576
5475354364364775666775625545454524323265632342262523453435232422224235523452552454352322232523343324355542662554245224262566662246477766537763767455677
335653655533466474755342332322432655552533533242654343535422455452355222322@335225424343534452323224535253566366364522252345425424673346653444573373756
3477345574465767463755344253524464464654543252342244552432432444522525553499925322455455455435444452425262633255365446455634356447667447377555557373344
6436636664663345766676562564362533344234263466442444523344245453425352224399925543332332232354455232524326525442635565252365626574453643375646373374576
6633337577477534535647534244452346424666534655323244442355344233445242545399934453422524545224353225222623533565325464356446642347435753743744374575675
5543533346356357335677444633662552255453254546355435342545555554252344435399954233223235555452245432325465556363534555352563564557463363434775434346643
5667477347367366677364555562654446346654435435455422225354324525244455253499945343332524552244445254524533352366234452666345446453466633574545437544434
7454343377657565533355324426453526445436444233623543223322322255524355555399925554254453232554252335456332522542456263543322636537435374637355577537663
6656566335646777756355534455452433642425446633343324325244334455423453255399943523422344555545452445426234336425442343464365232443456663776463375753557
3753354744337333634766722534344322346554535265654623443252345525544522544599953443435553232222355353236555264342664642564422333556664357764674644475466
5375645646744345453756364665633224264323643535364522253335423352253344333499944423435245325333225424322242254435566365342244625273753443655546774656447
3374663453453753745336734542452562563523344362664462352525434245532332222499924253435252345534322232422363535456255332464625266467435764375354373675666
4645543466444476433755745454453226655633565254262232452432553332322253445399922333332235323554435345646423546523536344322664252335547677635476665345434
6463433464735634777755762655623253225436324434522644353435234344555222424599952424423223522424522222546354642354445636236464546773663566767365667575355
7656677557355544676655656325522656532263325455664453542554544235552453534599952324442322553332343442245635422243263432663566322763434776635763754544664
5364464475564564376535745366556526264553352642662354443233453433345234525499952353242255455535435343444264243652532553254663644336665745434366736364777
3535537667766747364765477566546564645533242255434246563352335333454542553399933232343432453354523243544662362244523344443436426543755655644744754453677
3776473575373654545463536666446242646635455643332532424322532224233523554499954233225325244223332452465666246545224625642535554667576736776364766547573
7544735546666633466355553564644443323534645666352666636545452424234454425599932555334425342424455663336533356254465336535622263454347564746443465633673
5354654656764463376363347362454264654233343643564556664654254353432434422499925335344533525254255253362352546542452235444463254443365534367664737434564
4767736735333456756455447732625445542525352334542245326623553432524423245299922442524322553422624344232425345653462323522653376443346666663575464354477
3473536573535666645547765743562364343424644563462552644263354524442453324499945433242432523545322242262454265653432443622456543334555745673773454656444
3373665573437763773375674375664254244644336222635653435262443552542442452399954535235522552464544453324463553352442632556443436777646463534576773377645
3443443677376533456767376542364366243225325326436532563546226555225554524299923334443235456226342552234654524345362623562532757656346353343435565737543
5567777654336336543666534533524654632622263553346544536362565535232245425299932325235423254334255255225326524332655426544646554436735465437466574653537
4564376764557776674473445673444354642222355325226663554425562364222535233599935244423456654554433433242526244543444256225634534643734753535575645433443
6333363455456653534755364633626362223662224655443655542432463253645524355399955344534625334234643525654332555543243432625637766456574563477544774373573
7373345646534766435364537744655636556432443422652346225346254626426663554599935345365556426343635444264536423643434222462665743657336365777576555734453
8346437336665756574376554544643632225435625256363462556326344656665344466399935352344644434465435423242562365265365435522573664355576756753375354374345
4467576555446665673665654434664352654324622543435224545322325564525444643399952253423353236332432543532363355443444534643355536775343345354475374377735
4446645746445465756437446337343344535434666444465334646562564323546422542499966464455436545635253443264463666323323642455477334434354673765367746757748
8644365566456766744376666354445565332525236466662455546266645523654355646599922552235225232244663242653633264255532463274534737374344356644446773733478
5733577477443355745357735766534725522353222644456423333323634322424224565499922465666556363262364343356334454454542642663745666444754674674764566376556
8756456636674434474744337733754744452263522545236523536354236442263544342599933252434534564535422436422532443243653332436676453653363474365663745567748
7853364547474347464674363347547574535233622444625364644252522446533632223599943322326424453343556225324622353444243237575644645735445443334367566444645
8764754534666533435547346376444557456324336654455562536334555246352464623299922254246535246244265452322226653424465545754755563737357434365345653434674
5784736334756437777435645744644574543524626554255665444364264644443325666399955446365244353332236434226433656665224335735744654656773445544676363364658
6886456555535573757645655737744665466525362255563544635524632546624344643699964225463422545566242544562424426245343773363464733567457435553646447385487
8884746635675766477473345477333555776722544635435525354462656335636426242699932243256263354545525236665332646524553464437353566547555776665454534665764
4557744666575354337674654546346647556542533624232224342244455224466522365599936355324232546433456245522352346562345534457533737676676757456355754444848
6784767775756745735556353767567534467564434364346442366333543356622324432599922322445565466364234536246523524445657357375345665665676635355537377545668
7687758565677657674543353454673433566433353464334533464522323526655435322699935426226356323545452226356665363474434344444477637737575554744746655887554
5854454556455636744537435336475454353765445346625266666555336556622543654599935224545244322554643463465563646565465734657773356543364433733665654677865
6866445773334767376654465436347437665354536365232436444332624336422224342399962525225233635462334525422566567353574453475537377575764443546443644886888
7645676587457735345734564734333335664333764764436353464645326646242653325299963446334325465363356342426356343456367565567367374663554565633557584746788
8645845846433657776466744337467533566556766374345252332363566325235435656299943523643464262525552224326637776547763666565333777573576377774364588475577
8788458455564574736354545356346347444536676637664464262434325446626422622699923553643522544444462565644344357735647646357463634564356435777535774764466
5676487544865536445364475535637466756737464543433365656556236633232425566599926224432532533325664362434763333476563353735545336474464775647386786686454
6564877854534663345345475637476676566746653643366532332555622256534653662399925543454552332446656554436464736753555667354777737573736374457665585564855
6875874486757473377343746736366633757646574443744646354454563436464525455699934643325646665544553377374773664535564477574643637635634673754747665646585
7887645446468464567553667766563536474446347333553335734654445564526654363299934333262653245636363367547367364633767653577375636455357674376554747875865
8847676845884537457645735737765534545576736366545344447534256625325526232699922462226563334365647634463556447373637745343657776344467655475875755845577
8765845484567733565563455655557775536577766344533667443743475343624552454499942526323336634335675367646546766455464763334545544576574554675555688465478
7677566664647556373434445774373337557655674363743374477577375347524635246599923342636644443373474757537636345454436577775443757335777453745564887878755
8476768447574865567354756436776773464463346674763465744654377567435357754799937574537454536737473543557466775745357675663664666755546367866758686675457
8867778465456848643676654767365654766357343576345645577437664657374665755599966665365645653676557737634363473554656636563335544653767388785785784478677
8854865788576454543755675534665633737573563446663643333577556776567663656599974673645747654564437355374447573534536555767646633765477784765866677458654
7785858686876676876756463633444435334635444744433665453774363443535334543799963654477766555564555437437467756576364673644636365536347774866648487644766
6476685887884776676674534746375444765353556347467445574577475355336576747799956364747564555665746354366337564333777655357463455574765775757447547558545
7858684685877757478673635653745445555657665334443434633453537545433635377399963764454375743655355567373376764576673363677664667335645685844648477448877
5485586757787885758588575773547445766557435367477776774533736735764365743399974547576565667656635333536375434776474545333555357464875486568566477657844
8458764757658468665857657336774663333547766767577755377467653664353774446799963443576675344435666757757343776464444556666654633458786455657668556678748
7588455848457645864855853664774734776537667676735763445735645567763366354799964575776736577663556664354355646777436435736563446474748855477684867465588
6567676665648454655674564454537767745464355464377353755553366655747356565399946663667447644547553546733353364577633355457333687647857664476467884684844
6567756476845857577867686583467735774555444565357764766337675364647735754599947443475366643657546657766757363643646443435734458868888685847655744567874
4545577485655856448664654476777535733466646573567543447544645464446577634499954434434446464374336447667673754437565545675736574546446554557478874488756
8544846746644554656785558566575357473673437547337535753576475656433333364799973446734363444553444645466767654767537647663766557768866445648565587657475
5876447658456474758486585544447746645343447543756765775356353563343663434699953746447553543445747647577466767745644736534744477866675776845657548676485
7586688444558788756575668567486746744467764475676344473534657433344763633699954433735775556353463746577344347374444466766685544447454876584548448446486
7655488855787465875645577566558845437476353764457436736454543675443556466599976453435676467757763737766357646576745647655866678547844488775446846677788
7646685577877858875768775777777476573446577766674353665354343466463363465699933554447463656554777736336444776773566486478677766584568747468858577855875
4486455677547468748546688444564764768773577477536437557666764345577557667499966576664346334565363764556333546575778477864564664847448844484684576854865
8444486456877747746468457448748454588688354343336553533475666756363555756399965556475673455663535676566633755546768554668877745465577766556878685556676
6674744574444587684447867485758877647686477356654357565644666777475657643399933577764763453637743565556343677565788846588787756475877574568687576554744
4576587645664777665745787468874755455588747833456635364737355537437537467699954776736565374357764663634564355467875757676458584877765488488665464758765
5776757566858755445467744577684474877854678656537344337734564666435667556699934675557346336565644646674457645468475878557758868644866488568576674575744
8687588744876484785755884556886566746477584588877465655633353345644757435699946776667734547335357367444676668474558477474856666685774744756664756847646