62344168121586287776321831458536781256638623261371155343121647242752215538184262467143666851564611252
41412168287617672343874662774656318244153486244875177284336845487361363718522456862688668332146456564
54137175776427626553481348164111458358518125411567715461587752875352415182185145372253638436543822664
53156733626157652328464565636338286855874732332174534352752883836887666338828142666217416418861557136
32846633616757535877245541174564411686327184556326321671252388886377842277886846813328313418835463545
64455157577232654566541831221433357687276381883617747468841583117371844843645861637877663468876877257
34427284665556243657123562882182765517424421553512147152875575782661382226183544387628616411463511252
74418158521135532351222284866233857182648651222231648857343857326868527733872766768753665634454385766
32658287223472762255654571851124686627317662781665514382537857764186162231736287117715811772467738876
57327781483718724578124471478518442781515316281185781432853566457685354162348635518788286876741571366
22882234676344553531332481481361248675283482242658616676634578287481256183715285737558367553711674113
27635471111661777118328564634848631384157847654857996458998834721313822144824673578874834455358546272
21224348442277762112337185276156234161598568488945659749957845825753374678457415828678111333855543576
52657165667186332141216518585173443578885549877974744655664776456424157661151241384483234812116723184
18512543553647886551852664247171766759765496785859555866884659578555516848752345832746534842286174427
56875752126163468242575532478214849675545945998997996888987556847598843731866574681377847415645223321
84874585722147877766861766556296499786848976986448879469489769589989456687655478145262774816843517182
44665531822775482662641712484476759499596875749776759995489579874784479794433868684366414136365165714
51251643748878258862828715578579985969486957688496859946944566598469656679488828728251754774341748838
43127247633535838636245448749595485585884786579578768876455446975987675454444751151742525323543647618
16416442164575586467853266789577666965548477595975575984845944497497554887885382365358731848634788764
67686657846184438778651748884568799447576888446786675845476854788876747467588551655846284554883428565
54786651141285824176249874878899865969966756798885644567676596554885456744686977551154652351182117866
86553212151644232374285784486476789985694447846859767897895499549769769695465558745468535881412816371
34226734584557553538658857865597576564465965486799995684654757589889598656669866444777366771437383852
13512577464616263864575674497984679686966494679845579647745587478745894689978667743787465182122725228
54487823376864722424846555477896766998574975598646774485569454676544877566548764687784362447664252282
64172375628731645444995794487577897867684544758954486974958468898979549979786786758631266675655372715
44227518648223732447989476696998489697775976497957486879958499979555656976564744865791827271172675264
82868525537541437449696848466685576975445595889744796876988947967978975849784585888462881768755575212
26516782165556678969787847465679644777578785866859848589469888679957599598768567576445715538733328753
66124555237312317967996954978547746796647544585558954577947684657799494459685664549466764648441526325
23868832814541359587659798479686689667756689954454946978748865467459475889778689768977652626525236115
36673718114862565649568886479884846884454696847964799994999858769678545786455779656578637642322134355
55823825165565479574889964846467879859697566858946779578965466479945994797695548676789991427727243772
75782237566118595987995445876547587869679998686697699679859564885796796776978899645589871152337865422
45363162217239858486878467599887488774474765644764587655688689748478747457784789576789668635282636342
75188673681288956444944485656464696476486949896746569549599559844944967967949645777485967431221415625
87118661524334758469679578795495859949854799978989545465475659864754789678845676557775777626883286623
51122537644575499468767774586949765969966776548999488888649856557789746876646597444684775412245361375
15581138511547475486548745997775596868465894846554659544775698478474575565847584495684779825364123585
82667866386368875786868679944759864788559884756878658967574864666948767944474458579798747677575256653
61541268543168588487969675766585974797844449498596969546679987844699494898746459675697849464632752838
45622127141697455477876765464646588786798567576544997689787986885875589687485585564768948965743628515
15261265477955767754849679484785969946959594894754554597659956566484449556855588484676475885256882572
23732137148684577489547674648965864556946456886576549789765596787975545999687987895558657666223584864
47774464486846988987988548558455997955655678648886894764464688885794876999679799787998667858854758551
38212787238956865548795994659486895464486857887868648996479866487558876755596674859779797876158613172
88866335448947498597488866797694588955985795759885685967954895576795985477559649785576998585442415521
85446471264665787599877564559756799768478454788895946957458556969985674788655645588994667696734335767
57646585728464476694594678797967796985654659675949@79897767958656564859964845984789679798484646873833
66516162868778896489969494489469495879857649756649846568565877588487865968966488867958998991634738336
23754328511974756678669559888884484854649484994857569596695894599694784997885795556856799692812736257
31247136357459844889597744588796489468459775587685448545846784744858474688949756486458877688771414557
26464472222747759497975564795674578848865474767879796956959975548694497448954458789778784475464276556
34872724543659764488649444448455678589867658946496558674594867584955759477548898755876766696368756482
58648333231567745769589489674856579667666967454644448958948797657778959679768485944677447586666575635
48817448744655669958476759777748487964844974685797959959984497958446675746599645878994647787552323681
73426337615667578444578855754996997545668655747759845948554768477656848579697796646869477487584147421
37541787162297675546568764964857896999969768699666895665656497894874548485958955457478484658586778134
38165273733246555665995564757488955576674974754654789858846957487487694798978567749577979851361341782
47688851347575495574898784558894477558566664759689495954879788464987686665688694675696794776681716555
57751553512346566455547886666559884445764569947748749547777764565859584879796985954974978447884647817
63481174432246496955575499558955679875577587759949844679666868565998557994844444589794747263742387322
62138455431728695877694449894776967577489878979846854487486967989957688978496476859475586138228771535
64124323243648564577565985465745579568567687955755874948869546789566867999644656994656976255578472116
66657254738542884794979947776676479567964588865999655577884797545756669558684796677845454687276535448
23383823464857999856569745869794949888864799649584665669498785768788446878597798654979891413541484855
63728876387867847886977798446966597948688889798698476557498779868857678467689998578756813576146168366
37584547675638689479976996865564847847995569558497997874946755965997544946959596479755776586831246775
25473511735761454644457969744469746545546677698456579895496488648587685955659695894649731186621325866
85488634646116369886494484464466889859449696844798475859884795786589694777878968788689868748677761163
52351242188252737745596774789899875464965666767588468588869459695999545664484874558758645513472161886
62534688582768566559969956884664959885448445554968698957849964949987796796984955654674751332334266534
17531324518617446677469694977748778544585466797757678478949849456545478954974949558848512776784661783
25442673816882588846879798648499889997599646894687579989788754677954947969954976649451674715773573445
38542344752146757521695585748945865676668598477465557589885659499497559765698647698164447272868283636
22556237448832811144795458888565648997696555898598785599957485884458588467947659977227643285513534761
24656584382863222554856487444566749795948567589978457786667878748654564645568945423162452575884474246
41773736715222336886759988965968594999889695964478767446466944786886955955964567222345785311666612186
13752884512523282572282559488458558688797468598675676857847798658479789999899965771836851131827757465
68485314421244421287846788996857549775485866597896945568994588468959478658777572634838884443652418866
57845235586726448783516571565494458694577857988598746877679597798879667756756671361783616377383178177
18151324554678731276643712387799477758889854484477995577569647648948794554433321213751124375771264681
52343834828344151243871133464468544457454577484997996954879488847856764488554552725382753622826545778
66854233866665832338274538867348859554648948884867549545755456759744849872511535188132884728467151868
45324517417426444334432787724877797487744476694487798978944496898564654168482314628245228276813454683
82688687512163357741336138415535644959668557995946849895596967674878126711885877538243478232175434342
16776127172572117236128254784713828279647698957759856669587599464885332433488251143324514336743657667
27217135452373774282342451425238134521175578594496896988968777766463228144134171213573845226887635612
25777771253628733332886124765768548761751816449965796967688377222126652787178354122182785242722328663
45884646577321374553563544421112672386246641341247117472478243631157484152187166524323626442572143611
61484711332772252471687526231138412821643366153635675525584226237764723783722284576661455273621375713
55476685275182823736842821511781273356836188221211413148244128414572515422176641262152465472613376268
72817646111625853856265863552535867178526573384778337778422335473264358776541873177457658342556231585
72761447866886568134578447641728884526743862471264273648641741566457433578146376811863628873568463314
17732284416512586336233427148885268642448211685785611852383124656162277238834343531682723575243833451
43211783283755711614675726183877357221552351425113451452685467846138168714311837816617133762361815283
14236145472285587482655562711143757531723376216813834148781634146676364478675678516274534761552362313
14223573781562462835146866121487366773248465663788868863188136132512374811388247887666525631536266532
35232281485538845453122655878115628778626578721728643665365181686563632354676755227832424238744363141