6694433498142385516174143216563
4142928137998944742639131293687
6632991614992459574928863636323
4645219623739379469912866586758
6232851689688541276378578465916
2532486686656911641458133226976
3461939295761364692888475695516
7338537533698892474176784436612
9826681933449659554132485664791
3274234516127964789125793894962
3196516438776868789727284772395
9534656858536861598272553372251
1573665249283189877481576384283
7735181133495916896948848483187
9426699346418468746163715915831
569452615579143@363393824588899
3397611298227858554926222969624
4716931688581428815543413262476
5485273488233216672443915874691
5238661973898412522645511336993
3129188958969861243347446811491
1396742575198552315328434175352
7737691769911798952369188256711
4569832391744884376145777417313
5252167917149984564753625381316
1537162125663783857973342592827
3848532926417879233338279513644
6622559577475145956577923961664
5662989618374556632335336425794
3238768159648638882149372175641
2834966916918911471524278311911