12368898398
16784643066
23732677810
38891095633
40824408526
42818207724
49320939089
51109115129
58086327193
60328630135
71456143095
92087829267
183188744244
243788339150
246749554453
282107378453
378779519772
563973187134
569836515745
786500608672
1073459336040
1122969647759
1217207507477
1361198760404
1373177033555
1433715003300
1513773211317
1642275556291
1677221261991
1742127482491
1936085137459
2068441332693
2113129729588
2166571094040
2316980312819
2357362843155
2409140688417
2455143293882
2591504053927
2901799841136
2937210061180
3276247766241
3651758462958
3680252625475
3700775805412
3757211696774
3866174891919
3882951004532
4126927621422
4245109306113
4363344711760
4384985193993
4474737401450
4574853732349
4677449037024
4885556533805
4965496698637
5134933219934
5308322552604
5318444422462
5341670253509
5390356784852
5731061439541
5736777574659
5830684744551
6124106071468
6313533211557
6415514827240
6523107238503
6576626665444
6647013625978
6701789448233
7337243838721
7371465418918
7436920417854
7959516132747
7985128510210
8003329506512
8030247531608
8045704217002
8053793577687
8067196049134
8152509233306
8190999976415
8247735427159
8332772581409
8388074386584
8418823219210
8632245253680
8707744257590
8772605717381
8963960866162
8985110083452
9082049612632
9177054128580
9310332410639
9468688373166
9742544652493
9853965099122
9949758398019