99999999999992997306407446991795756771235773647410998158778476661705087382634094041626933002178954715363810195010539750177498558590734658897082009805320826864635257667988751501
99999999999963753992771236510686262117140129579986259002978710066494995457986947841868876987680242523888850542437963161585043064307579724683256274334921464917654205462619410210
99999999999995919999179399124951726326884776371630889982396635480103177530331679047186539467548128470451135619042784095721855081322174658820102006286664508962556575436167348233
89999999999999999999999997405125887677209610997154467611738927152349678528402257097237197369769999923211694467377375325913199304647881669862037065675310703960244783630223087298
29999999999999599999993014573884782043826007012357638738657160740279652108135949639999999431999999995761599999999329790896928698898910593628194121909317567358929797200034365936
03799999999932199999995184749444233163213924358182692099802949220842118704322172819999999999999999999999999999997959969997613820758039136369059117151017582147451098378704913965
79999999999922359499956159376565532350713438773257429286388434098595196599999999999999999999999999999999999999999999999999847145689819769551819418395790340786926881801820934246
34499999958919395587193947429333255185626918115698493632787687534866966959999999999999999999999999999999999999999999999999978917999159936235276038118351359681626212609618295360
71999999923455001955678239562493759323432130603645700615284021415399996999999999999999999994260499994161299999999999999999999497159672731212785072689581826044272984680437081422
59999999947455412647239289497025171486834886865599279141052888999999999999999999996611899999756319999279379999949999999999999999999999133172948993048204446706612585025492936567
99999998008606774055398235135515728930523443219033780853978199416999999999999189999911232606298979621473146969624939999999999999999999809152483296485278723482170408304473770348
99999992379994699939088564731717116283281939774251380872122411747999999999893932874234561353251396583621215848315675999992999999999999959879977419753717036349273077149218837391
99999999999999999541838681636796764694914866249286093208959999999999994999933440011270545044765451701267572774399520599973339499999999999975243025161007227311635961461738259864
99999999999999994733613362685697033673303568086406431833989999999999949723748133559479818497794765458795101368656465420599418499999999999999999971700130266453960204147526175069
99999990219999996630593631312273074148508681099184322532119999999999991811442107649438535942892293132276188317823063913141515999999999999999999958756429637456270851590276187774
99999994114166122276316970923721064561087448320207865476999999999995641807329325156598826161056559260624830681175036365844935249877942999999999923162836334509724157207173730187
99999996349507327938969628354470798941047272173913412999999999999676900693862275495022329312067642660607081359058008736764377053833913299999999969519699510395941820126465693676
99999925438517954292528724231742956040621299776573499999999999997417368236297712692254454673456142448084903303690383907272005985075221699999999993993957646847681781853333185525
99999949411233922994497601823476337566087822547763746999999999685559165047731716753891146427195183561176805129370043622203942404999739999999999999999999923399059831893818605059
99999925522688683168822586749160584602007031076517697999994883567135093262158102926374930121570445216786439866228098606779361161107547999681999999999999993013329115731536020559
99999979994699942790350513422334934271828582126858999999987519466881551185563992782030399947999740204791127882336113545969475634597829669678479999999999993962379179301157025943
99999949999993189103709034248811389804541328712454999999999118727962609774342233957999999999999999996236195736131503784496629660560768591711455999999999954463762761899914179756
99999999999999898190582406540422399965424776692442699999327573628955760509071629999999999999999999999284822745843067159103582768100195594842723999999999699768112418439491091126
99999999999999386848766107080718145062640799925777799998184886321974199503539999999891023339849899999999998751742803902910324366903728312615899999999999863817499877686543636011
99999916899994303021937507383010905241905912730809999999965916611676075699999988513701146756123603939999999943307972355746835248749464215055099999999999999954222042941996262558
99999991163727696937750941557023289290820856323499999999969972336880945869999123186957961227693919793999999992313326931666436794181034115425721981839999999199999835875386394247
99999916788358937992924459762642499237984637110999999999126421954086682999984621032479501607272747076259299999792472012643806911679095996972550938432999999999999964311981646230
99999999520255364121035674023649947177355680594403999999265842964952245999923012907888884103175369911002399899999423309427906755784044822438491171596699999999999942151142786272
99999965389217990753328919640727941662610951585174999999930680940612939999953029888999999999248884542845874549999121586995273207368032377352439533363599999999999524481613444060
99999916992929992448916147400604518143253299091799999999250983150268319992624938888866547199992483562885649999999969084648295706115943016283411892799999999999996662009878701069
99999915999999485182309682888555534301090486064639999999623689030765149991566088888888895255999660140742375291799999156464378430081883689888109900399999999999981178792173976672
99999999999999992706083393663434636788595969692197729999938099287610389998138888888888884036199993387135954946799999545264498296174919549129561782870492899999999999825968233240
99999999999999988647757850473288809264252024348123699999999344755083763999060048888888888192129993892359746396999999207362172350943198297960581628888947039999999099998982516396
99999999279995641494221623722104878332743540667033999999344430353615115499935929888888888994419993525081807195456999895486101235948822651022780052937556239999999899999941557762
99999999974004374329985939491745587050839616128334999999999101250723020099998251873888886665469999755343092139976999995241116125697410562622378797397137635999999999999996929368
99999999923052169610526267419630423904901712807670774439999979026874500685999999999998801625649999251637700191699999993282102056907812618298927472195597204299999999999994707962
99999999912334315994240622427621252051879360603606947899999925159500290812162688888426195947199997045814201862499999931205258558621806150410867925713386999999999999999941922459
49999999995102426998579134009802408754799829166189066899999999987714356893604367464341818141999940882351857459944399991912108859422859920344360974342006999999999999999232022138
79999999995299915998949072062163959515133766220655742862219999946100090272572466363308985499999996185623693525245999999476436259659603484735044663085651499999999999916079740785
10739999999159999999608824992752922440643102467606841375129999999997876927651836714526145999999728028343920051999999999165973825791955053052109099611917399748999999991489171729
41619999999999999999844713310642387007087292336553569169739999999993799192715754223292999999928562462873754839938999943154557859882968290129281748934065289156789999999998666897
96821999999999999992034879638065201509258940670101732962050858499999999414999999599999999992442827786206386699935999961723311802418526632337358008929543115315641999999999930404
72699999999999744709354411302512564029734479555231065249233915099999999999999999999999961772660890298406635744889999999415573151859299896643912295034499743554620699999999999824
85999999999999997267276122707144253639263028276240147529432815617655899989999999999549613166520309134183030749999999999776034847202194366688716268794797712164681599999999999993
41999999999999995567000649191520555330560183312869642631272883544963022611299222112721943137857676268468225121999999999460939242932750113940443590503308108119296999999999999993
82699999999999999390094799907946675330931242573872321996838418890304103422607211515920757012241336304754611978999999941287094152124212715515091090983000202999999999999999999943
97981969999999999998999999999931785111414385266600304963969303522263650954267772347602614596889112432792979999999999576067739942959358021092558840413792143999999999999999999099
53519791499999999999499999999846959204927611565759148061688492704732373894583523754702376326313456858051499999999999424452459568565315268819920088572326971799999999999994999857
99259999575989999999999999994799273379283858752792958363154777282195650700737097839952559217022795776924249999999999130281979151811653377994473135140315079997239999999976837806
33975433246029999999999999103886876497852690949211493143350286317665554496516934217253360700300901982015199999999991552780352502397841586550315189164142629424525999999970843552
79479955535542999999999999741594134932426618457508122710957426153903533141372133744298269535070680629999999999958787340142799506187451285154547821954622007482803999999616999110
28584368361169999999999999031708424998489179494674759695244108987291448956969173558981688716207986999999999999935697830715106385932084358358864847788969132694914999999101891131
38889181431879999999999999999818999999953234981217189606408643041469021153818945518797283587693299321999999999999937827190050137060848173236716142873396665715469999999654999999
76739672180339999999999999999999999999934792392808748207683798734978104481441512696736417074748924696999999999947599948357049985306914573819457795613967557179769999999999999999
86782725815972499999999999999999999999976052589276473723142164289298099591962915613560642899999992699999999991160680243041591315537147066384192739601965156599999999999999999999
01049418405820633691959859999999999999999616489999998631800960739873631655385197106798979417999999999999969015739485213525439923859547205501651378470130489999999999999999999999
20283660833513343999435611999999999999999998699999999098792410906636687383768424999899916346299999999999779533754895907191625584481876136484904498100221592999999999999999999999
34981723352663269423011149799999999999999999999999956679679999982499849959981214649999999999999999999999896307240890616818644950189760440480246213146405150999999999999999999991
10043015328117872833373192299999999983999999999999994193233899992733435899999939599999999999999999999993634243090521348410155990762067402841688503057916799975699999999999994611
59768156610949588607275633099999999993749999999999999999999999999984967999999999999999999999999925526517972300606220388816262529800958557464805557826516891187395999999998579721
17953845742118251599289220319999999699932199999999999999999999999999999999999999999999999999992300558514817100609005060487726460142362318670355458019677348545604419999999945757
96810978042134986709999986754534999386611999999999999999999999999999999999999999999949999999999997171843363334122261073963620208760738043054920712529385283708754591899999999586
84017424570902411187515223548604499927707799999999993589999999999999999999999999999959729999992160604680143554448477886698898516841476221517382992192572238304507145799999999930
11510321322776347225088819059850429594430479999999989956189999999999987199999999996257873589976580685766253265909171037444479538946882515869497072975921728792830515672999999919
51793103846426829496144702812822418714178471999995905927699999999998986493999999999902121134020968322396451435942646092801626272250665921698424497175797693976831899998999999992
18939907918830162916044880477172528798573304967597993670565999999942768791934989349962769184966561089418926667774652185885967811493389383201024695932779999999173299999999999998
64270967302411695929222425806856801656566921638251999978777511442299436032070106373544822214398589992767132315521875513639638667093852424563437923010499999999996799999999999999
50714787778979052835945797617060367507328065427571133977191080455617752785928604915796663458825530102423828786677054805167060102385340538155169295431449999999299999999999999999
21885578476412839578106040868844984188394820612632074491274632533184849294857071393289834050879095077205004166924500840640310900751097085443310363261359999999999999599999999999
20652104985094516209498310529739935095017503381048710371906261138960841308407805113153552859683272540805949268624023414675508260593043500437532262799994309999996963999999999999
08337719877868333773326753048590337319338883192737838781856925728630810455469702713741860358858200646110831009998920786542969505379392296515701974997499519999893058399999999999
54124659752419566804316138846851283289864368595742206050948220270676301334128702132143090853506223144962523961243419179142808549883657960079999989191324361749970810699999999999